pi <- 1+2.14
pi
